ood : [-0.055289, 0.187226, 0.948426]
action_0 : [-0.006220, 0.185233, 0.948595]
action_1 : [-0.057596, 0.237601, 0.948859]
action_2 : [-0.057584, 0.137788, 0.948816]
action_3 : [-0.106052, 0.185121, 0.948581]